471,5
471,4
471,3
471,2
471,1
471,0
470,5
470,4
470,3
470,2
470,1
470,0
469,5
469,4
469,3
469,2
469,1
469,0
468,5
468,4
468,3
468,2
468,1
468,0
467,5
467,4
467,3
467,2
467,1
467,0
466,5
466,4
466,3
466,2
466,1
466,0
465,4
465,3
465,2
465,1
465,0
464,6
464,5
464,4
464,3
464,2
464,1
464,0
463,4
463,3
463,2
463,1
463,0
462,5
462,4
462,3
462,2
462,1
462,0
461,5
461,4
461,3
461,2
461,1
461,0
460,3
460,2
460,1
460,0
459,5
459,4
459,3
459,2
459,1
459,0
458,4
458,3
458,2
458,1
458,0
457,3
457,2
457,1
457,0
456,5
456,4
456,3
456,2
456,1
456,0
455,5
455,4
455,3
455,2
455,1
455,0
454,5
454,4
454,3
454,2
454,1
454,0
453,5
453,4
453,3
453,2
453,1
453,0
452,5
452,4
452,3
452,2
452,1
452,0
451,5
451,4
451,3
451,2
451,1
451,0
450,4
450,3
450,2
450,1
450,0
449,6
449,5
449,4
449,3
449,2
449,1
449,0
448,4
448,3
448,2
448,1
448,0
447,5
447,4
447,3
447,2
447,1
447,0
446,5
446,4
446,3
446,2
446,1
446,0
445,3
445,2
445,1
445,0
444,5
444,4
444,3
444,2
444,1
444,0
443,4
443,3
443,2
443,1
443,0
442,3
442,2
442,1
442,0
441,5
441,4
441,3
441,2
441,1
441,0
439,5
439,4
439,3
439,2
439,1
439,0
437,5
437,4
437,3
437,2
437,1
437,0
435,4
435,3
435,2
435,1
435,0
434,6
434,5
434,4
434,3
434,2
434,1
434,0
433,4
433,3
433,2
433,1
433,0
430,3
430,2
430,1
430,0
427,3
427,2
427,1
427,0
7,3
5,3
4,3
3,2
2,2
1,2
0,9
1,45
3,44
2,44
1,44
3,43
2,43
1,43
3,42
2,42
1,42
3,41
2,41
1,41
3,40
2,40
1,40
3,39
2,39
1,39
3,38
2,38
1,38
3,37
2,37
1,37
3,36
2,36
1,36
3,35
2,35
1,35
3,34
2,34
1,34
3,33
2,33
1,33
3,32
2,32
1,32
3,31
2,31
1,31
3,30
2,30
1,30
3,29
2,29
1,29
3,28
2,28
1,28
3,27
2,27
1,27
3,26
2,26
1,26
3,25
2,25
1,25
3,24
2,24
1,24
3,23
2,23
1,23
3,22
2,22
1,22
3,21
2,21
1,21
3,20
2,20
1,20
3,19
2,19
1,19
3,18
2,18
1,18
3,17
2,17
1,17
3,16
2,16
1,16
3,15
2,15
1,15
3,14
2,14
1,14
3,13
2,13
1,13
3,12
2,12
1,12
3,11
2,11
1,11
3,10
2,10
1,10
3,9
2,9
1,9
3,8
2,8
1,8
3,7
2,7
1,7
3,6
2,6
1,6
3,5
2,5
1,5
3,4
2,4
1,4
3,3
3,0
2,3
2,0
1,3
1,0
0,6
0,0
0,47
0,46
0,49
0,48
0,45
0,12
0,10
0,8
0,11
0,5
0,7
0,4
0,3
